%YAML:1.0
---
calibration_time: "2020년 12월 29일 (화) 오후 10시 03분 50초"
image_width: 4032
image_height: 3024
board_width: 9
board_height: 6
square_size: 30.
camera_matrix: !!opencv-matrix
   rows: 3
   cols: 3
   dt: d
   data: [ 3.7175983925208739e+03, 0., 2.0337461419122299e+03, 0.,
       3.7169292484247103e+03, 1.5874141571758614e+03, 0., 0., 1. ]
distortion_coefficients: !!opencv-matrix
   rows: 5
   cols: 1
   dt: d
   data: [ 2.4538752509657691e-01, -1.5433154059291827e+00,
       9.6702887974311775e-04, 1.4893913771979077e-03,
       2.4073919329964535e+00 ]
# a set of 6-tuples (rotation vector + translation vector) for each view
extrinsic_parameters: !!opencv-matrix
   rows: 7
   cols: 6
   dt: d
   data: [ -2.5127846204960339e-02, -5.8340714672153252e-02,
       2.3266005540699214e-02, -1.1472922902722210e+02,
       -9.4038114759660289e+01, 3.8970943807079448e+02,
       2.8189353322248777e-02, 3.5483479251871328e-02,
       1.5362501646878916e-02, -1.1323177743985518e+02,
       -6.8917979942283367e+01, 3.4786577654057834e+02,
       -9.0838233889420486e-02, 3.6334488011819772e-02,
       1.6325241203100430e-02, -1.1401841476228704e+02,
       -1.0598430922778125e+02, 3.2309314426826580e+02,
       1.1668020302796039e-02, -1.5369052785166315e-01,
       1.1947981918669248e-02, -1.0118345045208096e+02,
       -9.3491276245292269e+01, 3.3788992157723476e+02,
       1.7908670001964624e-02, 2.4302436883277012e-03,
       -3.1502224672139115e-03, -1.1405029250229769e+02,
       -1.0282188515870459e+02, 4.9754801410238281e+02,
       6.2644643501076638e-02, -6.8983513961533988e-02,
       2.2597157715725600e-03, -1.5779511203829998e+02,
       -1.3278499518979831e+02, 4.5905014226101116e+02,
       -5.9915251387223836e-03, -3.4889464024884381e-02,
       2.3202878577247305e-02, -1.2285341779251843e+02,
       -8.4618182899777466e+01, 4.8638293417043889e+02 ]
rvecs:
   - !!opencv-matrix
      rows: 3
      cols: 1
      dt: d
      data: [ -2.5127846204960339e-02, -5.8340714672153252e-02,
          2.3266005540699214e-02 ]
   - !!opencv-matrix
      rows: 3
      cols: 1
      dt: d
      data: [ 2.8189353322248777e-02, 3.5483479251871328e-02,
          1.5362501646878916e-02 ]
   - !!opencv-matrix
      rows: 3
      cols: 1
      dt: d
      data: [ -9.0838233889420486e-02, 3.6334488011819772e-02,
          1.6325241203100430e-02 ]
   - !!opencv-matrix
      rows: 3
      cols: 1
      dt: d
      data: [ 1.1668020302796039e-02, -1.5369052785166315e-01,
          1.1947981918669248e-02 ]
   - !!opencv-matrix
      rows: 3
      cols: 1
      dt: d
      data: [ 1.7908670001964624e-02, 2.4302436883277012e-03,
          -3.1502224672139115e-03 ]
   - !!opencv-matrix
      rows: 3
      cols: 1
      dt: d
      data: [ 6.2644643501076638e-02, -6.8983513961533988e-02,
          2.2597157715725600e-03 ]
   - !!opencv-matrix
      rows: 3
      cols: 1
      dt: d
      data: [ -5.9915251387223836e-03, -3.4889464024884381e-02,
          2.3202878577247305e-02 ]
tvecs:
   - !!opencv-matrix
      rows: 3
      cols: 1
      dt: d
      data: [ -1.1472922902722210e+02, -9.4038114759660289e+01,
          3.8970943807079448e+02 ]
   - !!opencv-matrix
      rows: 3
      cols: 1
      dt: d
      data: [ -1.1323177743985518e+02, -6.8917979942283367e+01,
          3.4786577654057834e+02 ]
   - !!opencv-matrix
      rows: 3
      cols: 1
      dt: d
      data: [ -1.1401841476228704e+02, -1.0598430922778125e+02,
          3.2309314426826580e+02 ]
   - !!opencv-matrix
      rows: 3
      cols: 1
      dt: d
      data: [ -1.0118345045208096e+02, -9.3491276245292269e+01,
          3.3788992157723476e+02 ]
   - !!opencv-matrix
      rows: 3
      cols: 1
      dt: d
      data: [ -1.1405029250229769e+02, -1.0282188515870459e+02,
          4.9754801410238281e+02 ]
   - !!opencv-matrix
      rows: 3
      cols: 1
      dt: d
      data: [ -1.5779511203829998e+02, -1.3278499518979831e+02,
          4.5905014226101116e+02 ]
   - !!opencv-matrix
      rows: 3
      cols: 1
      dt: d
      data: [ -1.2285341779251843e+02, -8.4618182899777466e+01,
          4.8638293417043889e+02 ]
