%YAML:1.0
---
calibration_time: "2022년 07월 05일 (화) 오후 10시 28분 38초"
image_width: 4032
image_height: 3024
board_width: 9
board_height: 6
square_size: 26.
camera_matrix: !!opencv-matrix
   rows: 3
   cols: 3
   dt: d
   data: [ 3.9642496112455642e+03, 0., 2.0155000000000000e+03, 0.,
       3.9642496112455642e+03, 1.5115000000000000e+03, 0., 0., 1. ]
distortion_coefficients: !!opencv-matrix
   rows: 5
   cols: 1
   dt: d
   data: [ 2.3664238153523773e-01, -1.5725521603582278e+00, 0., 0.,
       2.3733676329277591e+00 ]
# a set of 6-tuples (rotation vector + translation vector) for each view
extrinsic_parameters: !!opencv-matrix
   rows: 5
   cols: 6
   dt: d
   data: [ -2.7806483096785971e-02, -5.8710223554252011e-02,
       2.4087301773617658e-02, -9.7694367795332482e+01,
       -7.4647984001602623e+01, 3.6019084019653161e+02,
       -8.4572199721021993e-03, 1.5855017406983966e-02,
       -3.0823422527369738e-03, -9.2667678201413693e+01,
       -7.1766145915646348e+01, 3.1227424228728290e+02,
       -8.0023209194504480e-02, 7.2503787514272590e-03,
       3.1265504020582524e-01, -7.3978382373391412e+01,
       -9.3882623947131691e+01, 3.5963832145991330e+02,
       2.7516721964889908e-02, 4.1820822069726482e-02,
       1.4752986986886990e-02, -9.6678760282354304e+01,
       -5.3603613028506679e+01, 3.2162132817357536e+02,
       -1.0270553754986957e-01, 4.3697769056230913e-02,
       1.6354370403246103e-02, -9.7413377560980294e+01,
       -8.6248835418039263e+01, 2.9933856537078526e+02 ]
